,year,department_name,department_type,base_point,success_order,tyt_correct_answer,ayt_correct_answer,ydt_correct_answer,base_point Change,success_order Change,tyt_correct_answer Change,ayt_correct_answer Change,ydt_correct_answer Change,base_point Change (%),success_order Change (%),tyt_correct_answer Change (%),ayt_correct_answer Change (%),ydt_correct_answer Change (%)
0,2021,Bilgisayar Mühendisliği,SAY,459.86273,8476,87.5,64.0,0.0,,,,,,,,,,
1,2022,Bilgisayar Mühendisliği,SAY,524.01624,5056,106.39999999999999,75.3,0.0,64.15351000000004,-3420.0,18.89999999999999,11.299999999999997,0.0,13.950578251905753,-40.34922133081642,21.599999999999998,17.656249999999996,
2,2023,Bilgisayar Mühendisliği,SAY,527.29304,5039,107.10000000000001,75.6,0.0,3.27679999999998,-17.0,0.700000000000017,0.29999999999999716,0.0,0.6253241311757751,-0.3362341772151889,0.657894736842124,0.3984063745019917,
3,2024,Bilgisayar Mühendisliği,SAY,514.28196,5725,106.8,71.2,0.0,-13.011079999999993,686.0,-0.30000000000001137,-4.3999999999999915,0.0,-2.4675235614716184,13.613812264338154,-0.2801120448179373,-5.820105820105814,
24,2021,Bilgisayar ve Öğretim Teknolojileri Öğretmenliği,SAY,276.47105,213618,54.7,26.499999999999996,0.0,,,,,,,,,,
25,2022,Bilgisayar ve Öğretim Teknolojileri Öğretmenliği,SAY,347.21119,180953,70.7,36.5,0.0,70.74014,-32665.0,16.0,10.000000000000004,0.0,25.58681641350875,-15.29131440234437,29.250457038391218,37.73584905660379,
26,2023,Bilgisayar ve Öğretim Teknolojileri Öğretmenliği,SAY,371.38591,150613,76.6,40.6,0.0,24.174720000000036,-30340.0,5.8999999999999915,4.100000000000001,0.0,6.9625405794093265,-16.766784745210085,8.345120226308333,11.232876712328776,
27,2024,Bilgisayar ve Öğretim Teknolojileri Öğretmenliği,SAY,352.81665,143547,75.3,33.300000000000004,0.0,-18.569260000000043,-7066.0,-1.2999999999999972,-7.299999999999997,0.0,-4.999990441209801,-4.691494094135296,-1.6971279373368064,-17.98029556650246,
4,2021,Biyomedikal Mühendisliği (İngilizce),SAY,363.88031,76869,68.6,44.599999999999994,0.0,,,,,,,,,,
5,2022,Biyomedikal Mühendisliği (İngilizce),SAY,430.24605,74608,85.99999999999999,54.2,0.0,66.36574000000002,-2261.0,17.39999999999999,9.600000000000009,0.0,18.23834326182694,-2.94136778155043,25.364431486880456,21.524663677130064,
6,2023,Biyomedikal Mühendisliği (İngilizce),SAY,435.17454,72027,86.30000000000001,54.9,0.0,4.928489999999954,-2581.0,0.3000000000000256,0.6999999999999957,0.0,1.145504996501412,-3.459414539995709,0.34883720930236617,1.291512915129145,
7,2024,Biyomedikal Mühendisliği (İngilizce),SAY,416.12638,66534,88.1,47.0,0.0,-19.048159999999996,-5493.0,1.799999999999983,-7.899999999999999,0.0,-4.377131070213802,-7.626306801616057,2.085747392815729,-14.389799635701273,
100,2021,Biyomühendislik,SAY,351.3801,90344,68.3,40.2,0.0,,,,,,,,,,
101,2022,Biyomühendislik,SAY,425.8154,78936,82.30000000000001,53.3,0.0,74.43529999999998,-11408.0,14.000000000000014,13.099999999999994,0.0,21.183698223092318,-12.627291242362526,20.497803806735003,32.5870646766169,
102,2023,Biyomühendislik,SAY,437.60445,69728,85.60000000000001,55.099999999999994,0.0,11.789049999999975,-9208.0,3.299999999999997,1.7999999999999972,0.0,2.7685823481254923,-11.665146447755149,4.009720534629402,3.377110694183849,
103,2024,Biyomühendislik,SAY,419.42322,63553,87.10000000000001,48.0,0.0,-18.18122999999997,-6175.0,1.5,-7.099999999999994,0.0,-4.154717805086294,-8.855839834786593,1.7523364485981352,-12.885662431941913,
104,2021,Biyomühendislik (İngilizce),SAY,364.66632,76044,72.5,43.1,0.0,,,,,,,,,,
105,2022,Biyomühendislik (İngilizce),SAY,438.4998,66934,88.8,55.5,0.0,73.83348000000001,-9110.0,16.299999999999997,12.399999999999999,0.0,20.24686019811208,-11.979906369996318,22.482758620689648,28.770301624129925,
106,2023,Biyomühendislik (İngilizce),SAY,448.85903,59276,89.8,57.7,0.0,10.359230000000025,-7658.0,1.0,2.200000000000003,0.0,2.3624252508211097,-11.441121104371465,1.1261261261261257,3.963963963963968,
107,2024,Biyomühendislik (İngilizce),SAY,430.39629,53952,91.4,50.6,0.0,-18.462739999999997,-5324.0,1.6000000000000085,-7.100000000000001,0.0,-4.113260236738469,-8.981712666171804,1.7817371937639326,-12.305025996533804,
8,2021,Elektrik Mühendisliği,SAY,390.1278,51756,74.4,49.5,0.0,,,,,,,,,,
9,2022,Elektrik Mühendisliği,SAY,462.07905,46178,91.3,63.1,0.0,71.95125000000002,-5578.0,16.89999999999999,13.600000000000001,0.0,18.442994834000558,-10.777494396784915,22.71505376344085,27.474747474747474,
10,2023,Elektrik Mühendisliği,SAY,477.74322,34345,95.4,65.3,0.0,15.664170000000013,-11833.0,4.1000000000000085,2.1999999999999957,0.0,3.389932956276631,-25.62475637749577,4.490690032858713,3.4865293185419866,
11,2024,Elektrik Mühendisliği,SAY,465.65032,27956,97.6,59.400000000000006,0.0,-12.092899999999986,-6389.0,2.1999999999999886,-5.8999999999999915,0.0,-2.53125517929903,-18.60241665453487,2.3060796645702153,-9.035222052067372,
12,2021,Elektronik ve Haberleşme Mühendisliği,SAY,423.51815,26123,81.1,57.1,0.0,,,,,,,,,,
13,2022,Elektronik ve Haberleşme Mühendisliği,SAY,497.21067,19381,99.3,70.2,0.0,73.69252,-6742.0,18.200000000000003,13.100000000000001,0.0,17.400085450883275,-25.808674348275463,22.44143033292232,22.94220665499125,
14,2023,Elektronik ve Haberleşme Mühendisliği,SAY,507.10034,14363,101.8,71.5,0.0,9.889670000000024,-5018.0,2.5,1.2999999999999972,0.0,1.989030122784774,-25.891336876322168,2.5176233635448186,1.8518518518518379,
15,2024,Elektronik ve Haberleşme Mühendisliği,SAY,495.31337,12342,102.9,67.2,0.0,-11.786969999999997,-2021.0,1.1000000000000085,-4.299999999999997,0.0,-2.3243861362822194,-14.070876557822187,1.080550098231825,-6.013986013986006,
140,2021,Endüstri Mühendisliği,SAY,426.70036,24127,81.1,56.9,0.0,,,,,,,,,,
141,2022,Endüstri Mühendisliği,SAY,503.12503,15537,101.1,70.80000000000001,0.0,76.42466999999999,-8590.0,20.0,13.900000000000013,0.0,17.910617652162287,-35.603266050482866,24.660912453760787,24.42882249560634,
142,2023,Endüstri Mühendisliği,SAY,512.32237,11527,102.8,72.1,0.0,9.197339999999997,-4010.0,1.7000000000000028,1.299999999999983,0.0,1.8280426239179581,-25.80935830597928,1.6815034619188873,1.8361581920903758,
143,2024,Endüstri Mühendisliği,SAY,496.90152,11733,102.10000000000001,67.1,0.0,-15.420849999999973,206.0,-0.6999999999999886,-5.0,0.0,-3.009989589172135,1.787108527804282,-0.6809338521400643,-6.934812760055475,
144,2021,Endüstri Mühendisliği (İngilizce),SAY,439.38869,16841,84.2,59.6,0.0,,,,,,,,,,
145,2022,Endüstri Mühendisliği (İngilizce),SAY,510.95328,11027,103.5,72.2,0.0,71.56459000000001,-5814.0,19.299999999999997,12.600000000000001,0.0,16.28730816899271,-34.52289056469331,22.921615201900238,21.140939597315445,
146,2023,Endüstri Mühendisliği (İngilizce),SAY,519.59063,8111,104.4,73.8,0.0,8.637350000000026,-2916.0,0.9000000000000057,1.5999999999999943,0.0,1.6904383116984834,-26.444182461231524,0.8695652173912993,2.216066481994461,
147,2024,Endüstri Mühendisliği (İngilizce),SAY,503.66284,9162,104.69999999999999,68.2,0.0,-15.927790000000016,1051.0,0.29999999999998295,-5.599999999999994,0.0,-3.065449813827481,12.957711749476019,0.2873563218390718,-7.5880758807588045,
28,2021,Fen Bilgisi Öğretmenliği,SAY,300.08087,163366,56.8,31.6,0.0,,,,,,,,,,
29,2022,Fen Bilgisi Öğretmenliği,SAY,352.41279,171793,69.3,38.0,0.0,52.33191999999997,8427.0,12.5,6.399999999999999,0.0,17.439272286833862,5.158356083885263,22.007042253521124,20.253164556962023,
30,2023,Fen Bilgisi Öğretmenliği,SAY,361.2024,167688,72.7,37.1,0.0,8.789610000000039,-4105.0,3.4000000000000057,-0.8999999999999986,0.0,2.494123439731011,-2.3895036468307818,4.906204906204925,-2.368421052631575,
31,2024,Fen Bilgisi Öğretmenliği,SAY,330.96291,183588,69.5,27.7,0.0,-30.23948999999999,15900.0,-3.200000000000003,-9.400000000000002,0.0,-8.371896200025242,9.481894947760129,-4.4016506189821225,-25.336927223719684,
60,2021,Fizik,SAY,271.41914,226256,54.2,25.0,0.0,,,,,,,,,,
61,2022,Fizik,SAY,343.06152,188673,72.30000000000001,38.50000000000001,0.0,71.64237999999995,-37583.0,18.10000000000001,13.500000000000007,0.0,26.395478226038115,-16.610830210027583,33.39483394833951,54.00000000000003,
62,2023,Fizik,SAY,375.23418,144675,77.3,43.800000000000004,0.0,32.17266000000001,-43998.0,4.999999999999986,5.299999999999997,0.0,9.378102213270667,-23.319711882463313,6.915629322268302,13.76623376623376,
63,2024,Fizik,SAY,374.7259,111851,81.0,42.6,0.0,-0.5082799999999565,-32824.0,3.700000000000003,-1.2000000000000028,0.0,-0.13545674330626145,-22.68809400380163,4.786545924967656,-2.7397260273972712,
182,2021,Fotoğraf ve Video,SÖZ,317.91073,69941,47.6,42.300000000000004,0.0,,,,,,,,,,
183,2022,Fotoğraf ve Video,SÖZ,374.47269,55005,53.599999999999994,49.7,0.0,56.56196,-14936.0,5.999999999999993,7.399999999999999,0.0,17.791774439321383,-21.3551421912755,12.6050420168067,17.49408983451537,
184,2023,Fotoğraf ve Video,SÖZ,375.54952,51498,57.099999999999994,47.50000000000001,0.0,1.0768299999999726,-3507.0,3.5,-2.1999999999999957,0.0,0.28755902065915606,-6.375784019634578,6.529850746268662,-4.426559356136817,
185,2024,Fotoğraf ve Video,SÖZ,395.43146,37588,54.900000000000006,52.8,0.0,19.881940000000043,-13910.0,-2.1999999999999886,5.29999999999999,0.0,5.294092773704007,-27.010757699328124,-3.8528896672504143,11.157894736842078,
64,2021,Fransızca Mütercim ve Tercümanlık,DİL,388.76072,15602,48.0,0.0,67.9,,,,,,,,,,
65,2022,Fransızca Mütercim ve Tercümanlık,DİL,433.33719,13437,62.400000000000006,0.0,72.0,44.57647000000003,-2165.0,14.400000000000006,0.0,4.099999999999994,11.46629988749892,-13.876426099218053,30.000000000000004,,6.038291605301915
66,2023,Fransızca Mütercim ve Tercümanlık,DİL,448.15957,11332,67.8,0.0,72.7,14.822379999999953,-2105.0,5.3999999999999915,0.0,0.7000000000000028,3.420518788152016,-15.665699188807025,8.653846153846146,,0.9722222222222188
67,2024,Fransızca Mütercim ve Tercümanlık,DİL,450.04507,8686,67.5,0.0,73.9,1.885500000000036,-2646.0,-0.29999999999999716,0.0,1.2000000000000028,0.4207206821445375,-23.349805859512884,-0.4424778761061954,,1.6506189821182904
96,2021,Gemi Makineleri İşletme Mühendisliği,SAY,351.49049,90209,66.5,41.5,0.0,,,,,,,,,,
97,2022,Gemi Makineleri İşletme Mühendisliği,SAY,429.97242,74874,83.2,55.1,0.0,78.48192999999998,-15335.0,16.700000000000003,13.600000000000001,0.0,22.328322453332937,-16.99941247547362,25.112781954887218,32.77108433734941,
98,2023,Gemi Makineleri İşletme Mühendisliği,SAY,445.32388,62528,86.9,57.699999999999996,0.0,15.351459999999975,-12346.0,3.700000000000003,2.5999999999999943,0.0,3.570335976433081,-16.489034911985467,4.447115384615397,4.718693284936459,
99,2024,Gemi Makineleri İşletme Mühendisliği,SAY,432.04367,52589,89.7,51.49999999999999,0.0,-13.280209999999954,-9939.0,2.799999999999997,-6.200000000000003,0.0,-2.98214638747869,-15.895278915046063,3.2220943613348707,-10.745233968804168,
92,2021,Gemi İnşaatı ve Gemi Makineleri Mühendisliği,SAY,384.24844,57003,73.0,49.2,0.0,,,,,,,,,,
93,2022,Gemi İnşaatı ve Gemi Makineleri Mühendisliği,SAY,456.77282,50704,90.10000000000001,61.6,0.0,72.52438000000001,-6299.0,17.10000000000001,12.399999999999999,0.0,18.874345983031194,-11.050295598477277,23.424657534246585,25.203252032520318,
94,2023,Gemi İnşaatı ve Gemi Makineleri Mühendisliği,SAY,470.53124,40128,93.5,64.10000000000001,0.0,13.758420000000001,-10576.0,3.3999999999999915,2.500000000000007,0.0,3.0120925321257097,-20.858314925844113,3.7735849056603765,4.058441558441572,
95,2024,Gemi İnşaatı ve Gemi Makineleri Mühendisliği,SAY,458.44904,32688,94.9,58.4,0.0,-12.0822,-7440.0,1.4000000000000057,-5.70000000000001,0.0,-2.567778496492601,-18.540669856459335,1.497326203208571,-8.892355694227783,
108,2021,Gıda Mühendisliği,SAY,332.56982,113046,65.8,36.8,0.0,,,,,,,,,,
109,2022,Gıda Mühendisliği,SAY,406.61907,98859,80.0,48.7,0.0,74.04925000000003,-14187.0,14.200000000000003,11.900000000000006,0.0,22.265775649756804,-12.549758505387187,21.580547112462,32.336956521739154,
110,2023,Gıda Mühendisliği,SAY,420.75616,86820,83.0,51.5,0.0,14.13709,-12039.0,3.0,2.799999999999997,0.0,3.4767405276884933,-12.177950414226324,3.750000000000009,5.749486652977409,
111,2024,Gıda Mühendisliği,SAY,407.01305,75440,85.2,45.3,0.0,-13.743110000000001,-11380.0,2.200000000000003,-6.200000000000003,0.0,-3.266288484047386,-13.10757889887123,2.650602409638547,-12.038834951456312,
216,2021,Harita Mühendisliği,SAY,284.89579,193949,53.7,28.1,0.0,,,,,,,,,,
217,2022,Harita Mühendisliği,SAY,348.89619,177870,71.1,33.9,0.0,64.00040000000001,-16079.0,17.39999999999999,5.799999999999997,0.0,22.464494824581305,-8.290323744902006,32.40223463687148,20.64056939501777,
218,2023,Harita Mühendisliği,SAY,369.02434,154392,72.3,39.3,0.0,20.128150000000005,-23478.0,1.2000000000000028,5.399999999999999,0.0,5.769094239750805,-13.199527744982287,1.6877637130801704,15.92920353982301,
219,2024,Harita Mühendisliği,SAY,359.57205,132820,75.2,34.8,0.0,-9.452290000000005,-21572.0,2.9000000000000057,-4.5,0.0,-2.5614272489451473,-13.972226540235244,4.011065006915637,-11.45038167938931,
72,2021,Kimya,SAY,310.79958,144820,60.6,33.300000000000004,0.0,,,,,,,,,,
73,2022,Kimya,SAY,391.70909,115672,77.0,45.6,0.0,80.90951000000001,-29148.0,16.4,12.299999999999997,0.0,26.032696054479864,-20.127054274271504,27.062706270627057,36.93693693693692,
74,2023,Kimya,SAY,414.37146,93677,82.50000000000001,49.3,0.0,22.66237000000001,-21995.0,5.500000000000014,3.6999999999999957,0.0,5.785510364336965,-19.01497337298569,7.142857142857162,8.114035087719284,
75,2024,Kimya,SAY,402.0282,80526,85.3,43.400000000000006,0.0,-12.343259999999987,-13151.0,2.799999999999983,-5.8999999999999915,0.0,-2.9787910586313027,-14.038664773637077,3.3939393939393714,-11.967545638945221,
76,2021,Kimya (İngilizce),SAY,343.29233,99871,67.5,39.900000000000006,0.0,,,,,,,,,,
77,2022,Kimya (İngilizce),SAY,420.75938,83970,83.8,53.1,0.0,77.46705000000003,-15901.0,16.299999999999997,13.199999999999996,0.0,22.56591343010781,-15.921538785032697,24.14814814814814,33.08270676691727,
78,2023,Kimya (İngilizce),SAY,434.60637,72562,86.89999999999999,54.9,0.0,13.846990000000005,-11408.0,3.0999999999999943,1.7999999999999972,0.0,3.2909521826940624,-13.585804453971662,3.699284009546533,3.3898305084745672,
79,2024,Kimya (İngilizce),SAY,418.69912,64178,87.3,47.8,0.0,-15.907250000000033,-8384.0,0.4000000000000057,-7.100000000000001,0.0,-3.6601511386038843,-11.554257049144178,0.4602991944764101,-12.932604735883423,
112,2021,Kimya Mühendisliği,SAY,384.72075,56591,73.9,47.599999999999994,0.0,,,,,,,,,,
113,2022,Kimya Mühendisliği,SAY,458.24052,49462,89.8,61.50000000000001,0.0,73.51977,-7129.0,15.899999999999991,13.900000000000013,0.0,19.109905041513887,-12.597409482073118,21.515561569688746,29.201680672268935,
114,2023,Kimya Mühendisliği,SAY,469.35381,41104,93.8,62.8,0.0,11.113290000000006,-8358.0,4.0,1.29999999999999,0.0,2.4252089273990807,-16.89782054910841,4.454342984409809,2.113821138211369,
115,2024,Kimya Mühendisliği,SAY,460.4049,31383,96.2,58.1,0.0,-8.948910000000012,-9721.0,2.4000000000000057,-4.699999999999996,0.0,-1.906644797450352,-23.649766446087973,2.558635394456288,-7.484076433121012,
116,2021,Kimya Mühendisliği (İngilizce),SAY,396.4328,46546,76.19999999999999,49.800000000000004,0.0,,,,,,,,,,
117,2022,Kimya Mühendisliği (İngilizce),SAY,471.4217,38518,93.4,64.39999999999999,0.0,74.9889,-8028.0,17.200000000000017,14.599999999999987,0.0,18.915917149135986,-17.2474541313969,22.572178477690308,29.317269076305188,
118,2023,Kimya Mühendisliği (İngilizce),SAY,484.45434,29203,96.5,66.3,0.0,13.032640000000015,-9315.0,3.0999999999999943,1.9000000000000057,0.0,2.7645396891997187,-24.18349862401994,3.3190578158458273,2.9503105590062306,
119,2024,Kimya Mühendisliği (İngilizce),SAY,473.32658,23360,99.59999999999998,61.099999999999994,0.0,-11.127760000000023,-5843.0,3.09999999999998,-5.200000000000003,0.0,-2.296967759644808,-20.00821833373284,3.212435233160593,-7.843137254901967,
16,2021,Kontrol ve Otomasyon Mühendisliği,SAY,402.59571,41341,76.5,51.6,0.0,,,,,,,,,,
17,2022,Kontrol ve Otomasyon Mühendisliği,SAY,478.91417,32598,95.4,65.8,0.0,76.31846000000002,-8743.0,18.900000000000006,14.199999999999996,0.0,18.95660040689455,-21.148496649814952,24.705882352941178,27.51937984496122,
18,2023,Kontrol ve Otomasyon Mühendisliği,SAY,495.74667,21387,98.50000000000001,68.6,0.0,16.832499999999982,-11211.0,3.1000000000000085,2.799999999999997,0.0,3.5147216462607433,-34.391680471194555,3.2494758909853427,4.255319148936176,
19,2024,Kontrol ve Otomasyon Mühendisliği,SAY,486.52779,16371,100.89999999999999,63.9,0.0,-9.218880000000013,-5016.0,2.3999999999999773,-4.699999999999996,0.0,-1.8595949419085378,-23.453499789591802,2.436548223350221,-6.851311953352768,
20,2021,Kontrol ve Otomasyon Mühendisliği (İngilizce),SAY,411.82375,34091,78.8,53.900000000000006,0.0,,,,,,,,,,
21,2022,Kontrol ve Otomasyon Mühendisliği (İngilizce),SAY,488.61562,25266,98.6,67.8,0.0,76.79186999999996,-8825.0,19.799999999999997,13.899999999999991,0.0,18.646780327749426,-25.88659763573964,25.126903553299496,25.788497217068617,
22,2023,Kontrol ve Otomasyon Mühendisliği (İngilizce),SAY,501.99406,17417,101.10000000000001,69.60000000000001,0.0,13.378440000000012,-7849.0,2.500000000000014,1.8000000000000114,0.0,2.7380295374102026,-31.06546346869311,2.535496957403671,2.6548672566371945,
23,2024,Kontrol ve Otomasyon Mühendisliği (İngilizce),SAY,491.2467,14089,102.8,64.8,0.0,-10.747360000000015,-3328.0,1.6999999999999886,-4.800000000000011,0.0,-2.140933699494374,-19.10776827237757,1.6815034619188873,-6.896551724137945,
164,2021,Kültür Varlıklarını Koruma ve Onarım,EA,255.9159,343115,46.4,22.599999999999998,0.0,,,,,,,,,,
165,2022,Kültür Varlıklarını Koruma ve Onarım,EA,316.8176,311440,56.099999999999994,28.6,0.0,60.901700000000034,-31675.0,9.699999999999996,6.0000000000000036,0.0,23.79754442768114,-9.231598735117963,20.905172413793103,26.5486725663717,
166,2023,Kültür Varlıklarını Koruma ve Onarım,EA,320.68287,285723,58.199999999999996,28.400000000000002,0.0,3.8652699999999527,-25717.0,2.1000000000000014,-0.1999999999999993,0.0,1.2200300740867753,-8.257449267916773,3.743315508021383,-0.6993006993006978,
167,2024,Kültür Varlıklarını Koruma ve Onarım,EA,316.43356,252725,58.6,29.300000000000004,0.0,-4.24930999999998,-32998.0,0.4000000000000057,0.9000000000000021,0.0,-1.3250816920779007,-11.548947757093408,0.6872852233677174,3.169014084507049,
168,2023,Kültür Varlıklarını Koruma ve Onarım (KKTC Uyruklu),EA,0.0,0,0.0,0.0,0.0,,,,,,,,,,
169,2024,Kültür Varlıklarını Koruma ve Onarım (KKTC Uyruklu),EA,0.0,0,0.0,0.0,0.0,0.0,0.0,0.0,0.0,0.0,,,,,
148,2021,Makine Mühendisliği,SAY,403.56465,40592,76.0,53.3,0.0,,,,,,,,,,
149,2022,Makine Mühendisliği,SAY,476.33972,34612,94.7,65.9,0.0,72.77507000000003,-5980.0,18.700000000000003,12.600000000000009,0.0,18.03306359959922,-14.731966890027593,24.60526315789473,23.639774859287076,
150,2023,Makine Mühendisliği,SAY,487.86232,26723,98.2,67.5,0.0,11.522600000000011,-7889.0,3.5,1.5999999999999943,0.0,2.418987860176758,-22.792673061366,3.6958817317845893,2.427921092564489,
151,2024,Makine Mühendisliği,SAY,474.69563,22581,99.0,62.5,0.0,-13.166690000000017,-4142.0,0.7999999999999972,-5.0,0.0,-2.698853643790322,-15.499756763836391,0.8146639511201537,-7.4074074074074066,
80,2021,Matematik,SAY,342.29089,101109,65.8,40.8,0.0,,,,,,,,,,
81,2022,Matematik,SAY,419.60663,85092,84.8,54.0,0.0,77.31574,-16017.0,19.0,13.200000000000003,0.0,22.58772940173781,-15.84131976381924,28.875379939209722,32.35294117647061,
82,2023,Matematik,SAY,436.81543,70496,87.80000000000001,56.70000000000001,0.0,17.208799999999997,-14596.0,3.000000000000014,2.70000000000001,0.0,4.101174473816105,-17.153198890612508,3.5377358490566113,5.000000000000027,
83,2024,Matematik,SAY,417.20091,65554,88.8,49.300000000000004,0.0,-19.61451999999997,-4942.0,0.9999999999999858,-7.400000000000006,0.0,-4.490345041153876,-7.010326827054014,1.1389521640090994,-13.051146384479729,
120,2021,Matematik Mühendisliği,SAY,400.43601,43145,75.5,51.199999999999996,0.0,,,,,,,,,,
121,2022,Matematik Mühendisliği,SAY,482.20758,30017,96.8,66.8,0.0,81.77157,-13128.0,21.299999999999997,15.600000000000001,0.0,20.420633498970275,-30.427627766832778,28.211920529801326,30.46875,
122,2023,Matematik Mühendisliği,SAY,503.50772,16507,100.8,71.0,0.0,21.30014,-13510.0,4.0,4.200000000000003,0.0,4.417213848027846,-45.007828896958394,4.132231404958686,6.287425149700598,
123,2024,Matematik Mühendisliği,SAY,493.40076,13125,102.2,66.3,0.0,-10.106960000000015,-3382.0,1.4000000000000057,-4.700000000000003,0.0,-2.007309838268223,-20.48827770036954,1.388888888888884,-6.619718309859158,
128,2021,Matematik Mühendisliği (KKTC Uyruklu),SAY,0.0,0,0.0,0.0,0.0,,,,,,,,,,
129,2022,Matematik Mühendisliği (KKTC Uyruklu),SAY,459.85927,48118,81.2,63.19999999999999,0.0,459.85927,48118.0,81.2,63.19999999999999,0.0,inf,inf,inf,inf,
130,2023,Matematik Mühendisliği (KKTC Uyruklu),SAY,413.63903,94505,69.6,50.8,0.0,-46.22023999999999,46387.0,-11.600000000000009,-12.399999999999991,0.0,-10.050953197050916,96.40259362400765,-14.28571428571429,-19.620253164556956,
131,2024,Matematik Mühendisliği (KKTC Uyruklu),SAY,375.10923,111380,71.4,38.599999999999994,0.0,-38.529799999999966,16875.0,1.8000000000000114,-12.200000000000003,0.0,-9.31483665842654,17.856198084757423,2.586206896551735,-24.015748031496067,
124,2021,Matematik Mühendisliği (İngilizce),SAY,411.22322,34558,78.7,54.1,0.0,,,,,,,,,,
125,2022,Matematik Mühendisliği (İngilizce),SAY,496.81636,19614,100.2,70.0,0.0,85.59313999999995,-14944.0,21.5,15.899999999999999,0.0,20.81427697589644,-43.24324324324324,27.318932655654393,29.390018484288348,
126,2023,Matematik Mühendisliği (İngilizce),SAY,511.62595,11881,103.1,72.6,0.0,14.809590000000014,-7733.0,2.8999999999999915,2.5999999999999943,0.0,2.980898213577343,-39.42592026103804,2.894211576846306,3.7142857142857144,
127,2024,Matematik Mühendisliği (İngilizce),SAY,502.43788,9589,103.30000000000001,68.8,0.0,-9.188069999999982,-2292.0,0.20000000000001705,-3.799999999999997,0.0,-1.7958569146072412,-19.29130544566956,0.19398642095054264,-5.234159779614322,
152,2021,Mekatronik Mühendisliği,SAY,407.87074,37160,75.4,54.0,0.0,,,,,,,,,,
153,2022,Mekatronik Mühendisliği,SAY,483.5017,29075,95.69999999999999,66.8,0.0,75.63096000000002,-8085.0,20.299999999999983,12.799999999999997,0.0,18.542874637195105,-21.757265877287402,26.923076923076895,23.703703703703695,
154,2023,Mekatronik Mühendisliği,SAY,495.72087,21399,98.9,68.5,0.0,12.219169999999963,-7676.0,3.200000000000017,1.7000000000000028,0.0,2.5272237925947127,-26.400687876182282,3.3437826541274918,2.5449101796407136,
155,2024,Mekatronik Mühendisliği,SAY,479.40398,20060,98.90000000000002,62.800000000000004,0.0,-16.31689,-1339.0,1.4210854715202004e-14,-5.699999999999996,0.0,-3.291547922926863,-6.257301743072108,2.220446049250313e-14,-8.321167883211677,
156,2021,Mekatronik Mühendisliği (İngilizce),SAY,420.44845,28160,78.7,55.7,0.0,,,,,,,,,,
157,2022,Mekatronik Mühendisliği (İngilizce),SAY,494.71871,20973,98.3,69.4,0.0,74.27026000000001,-7187.0,19.599999999999994,13.700000000000003,0.0,17.664534142057132,-25.522017045454547,24.904701397712834,24.59605026929983,
158,2023,Mekatronik Mühendisliği (İngilizce),SAY,502.65361,17015,100.9,70.1,0.0,7.934900000000027,-3958.0,2.6000000000000085,0.6999999999999886,0.0,1.6039215496822523,-18.87188289705812,2.64496439471007,1.0086455331411948,
159,2024,Mekatronik Mühendisliği (İngilizce),SAY,486.18859,16552,101.7,64.6,0.0,-16.465020000000038,-463.0,0.7999999999999972,-5.5,0.0,-3.2756195663252163,-2.7211284161034355,0.7928642220019766,-7.845934379457919,
160,2021,Mekatronik Mühendisliği (İngilizce) (KKTC Uyruklu),SAY,0.0,0,0.0,0.0,0.0,,,,,,,,,,
161,2022,Mekatronik Mühendisliği (İngilizce) (KKTC Uyruklu),SAY,425.92744,78831,90.8,46.3,0.0,425.92744,78831.0,90.8,46.3,0.0,inf,inf,inf,inf,
162,2023,Mekatronik Mühendisliği (İngilizce) (KKTC Uyruklu),SAY,352.2362,184253,58.5,40.6,0.0,-73.69124,105422.0,-32.3,-5.699999999999996,0.0,-17.301360062643532,133.73165379102127,-35.57268722466959,-12.311015118790491,
163,2024,Mekatronik Mühendisliği (İngilizce) (KKTC Uyruklu),SAY,338.66036,168331,54.7,33.0,0.0,-13.575839999999971,-15922.0,-3.799999999999997,-7.600000000000001,0.0,-3.8541864805491266,-8.641378973476687,-6.495726495726495,-18.7192118226601,
132,2021,Metalurji ve Malzeme Mühendisliği,SAY,367.43441,73218,71.4,44.4,0.0,,,,,,,,,,
133,2022,Metalurji ve Malzeme Mühendisliği,SAY,443.09405,62737,87.4,58.0,0.0,75.65963999999997,-10481.0,16.0,13.600000000000001,0.0,20.59133220538598,-14.314785981589228,22.408963585434183,30.630630630630627,
134,2023,Metalurji ve Malzeme Mühendisliği,SAY,454.55267,53949,90.89999999999999,59.2,0.0,11.458619999999996,-8788.0,3.499999999999986,1.2000000000000028,0.0,2.5860469126137042,-14.00768286656997,4.004576659038883,2.0689655172413834,
135,2024,Metalurji ve Malzeme Mühendisliği,SAY,442.81151,43915,93.30000000000001,54.699999999999996,0.0,-11.74115999999998,-10034.0,2.40000000000002,-4.500000000000007,0.0,-2.583014197232625,-18.59904724832713,2.640264026402672,-7.60135135135136,
136,2021,Metalurji ve Malzeme Mühendisliği (İngilizce),SAY,385.42349,55952,74.30000000000001,48.2,0.0,,,,,,,,,,
137,2022,Metalurji ve Malzeme Mühendisliği (İngilizce),SAY,460.54471,47547,90.99999999999999,62.5,0.0,75.12122,-8405.0,16.699999999999974,14.299999999999997,0.0,19.490566078367454,-15.021804403774663,22.476446837146668,29.668049792531104,
138,2023,Metalurji ve Malzeme Mühendisliği (İngilizce),SAY,474.50789,36943,95.4,64.8,0.0,13.963179999999966,-10604.0,4.40000000000002,2.299999999999997,0.0,3.031883701367444,-22.302143142574714,4.835164835164862,3.6799999999999944,
139,2024,Metalurji ve Malzeme Mühendisliği (İngilizce),SAY,460.3168,31450,97.0,58.2,0.0,-14.191089999999974,-5493.0,1.5999999999999943,-6.599999999999994,0.0,-2.9906963190854396,-14.868852015266764,1.6771488469601525,-10.185185185185174,
170,2021,Mimarlık,SAY,382.28501,58814,72.4,47.7,0.0,,,,,,,,,,
171,2022,Mimarlık,SAY,441.45306,64251,87.89999999999999,57.60000000000001,0.0,59.168049999999994,5437.0,15.499999999999986,9.900000000000006,0.0,15.477470591902097,9.244397592409982,21.408839779005497,20.75471698113209,
172,2023,Mimarlık,SAY,444.32134,63449,87.7,57.0,0.0,2.868280000000027,-802.0,-0.19999999999998863,-0.6000000000000085,0.0,0.6497361237002286,-1.2482295995393078,-0.22753128555175195,-1.0416666666666852,
173,2024,Mimarlık,SAY,419.29138,63663,87.0,47.9,0.0,-25.029960000000017,214.0,-0.7000000000000028,-9.100000000000001,0.0,-5.633301339971652,0.3372787593185045,-0.7981755986317007,-15.96491228070176,
174,2021,Mimarlık (İngilizce),SAY,396.07043,46853,75.7,49.300000000000004,0.0,,,,,,,,,,
175,2022,Mimarlık (İngilizce),SAY,460.672,47436,91.80000000000001,60.8,0.0,64.60157000000004,583.0,16.10000000000001,11.499999999999993,0.0,16.310626875124214,1.24431733293493,21.268163804491415,23.326572008113565,
176,2023,Mimarlık (İngilizce),SAY,459.61599,49604,91.2,60.199999999999996,0.0,-1.0560100000000148,2168.0,-0.6000000000000085,-0.6000000000000014,0.0,-0.22923251250347443,4.570368496500543,-0.6535947712418388,-0.9868421052631637,
177,2024,Mimarlık (İngilizce),SAY,432.1829,52472,90.3,51.10000000000001,0.0,-27.433089999999993,2868.0,-0.9000000000000057,-9.099999999999987,0.0,-5.968697912359399,5.781791790984592,-0.9868421052631637,-15.116279069767424,
84,2021,Moleküler Biyoloji ve Genetik,SAY,380.79571,60177,75.3,46.8,0.0,,,,,,,,,,
85,2022,Moleküler Biyoloji ve Genetik,SAY,450.03917,56555,89.60000000000001,59.10000000000001,0.0,69.24346000000003,-3622.0,14.300000000000011,12.300000000000011,0.0,18.183886577923914,-6.018910879571926,18.990703851261625,26.2820512820513,
86,2023,Moleküler Biyoloji ve Genetik,SAY,451.55708,56719,91.1,57.900000000000006,0.0,1.5179099999999721,164.0,1.4999999999999858,-1.2000000000000028,0.0,0.3372839746371259,0.28998320219255636,1.6741071428571175,-2.0304568527918843,
87,2024,Moleküler Biyoloji ve Genetik,SAY,426.70613,57160,91.0,50.6,0.0,-24.85095000000001,441.0,-0.09999999999999432,-7.300000000000004,0.0,-5.503390623395832,0.7775172340838132,-0.1097694840834218,-12.60794473229707,
40,2021,Okul Öncesi Öğretmenliği,SÖZ,369.81961,12129,49.69999999999999,54.4,0.0,,,,,,,,,,
41,2022,Okul Öncesi Öğretmenliği,SÖZ,415.08841,12247,55.5,60.3,0.0,45.2688,118.0,5.800000000000011,5.899999999999999,0.0,12.240778686668353,0.9728749278588467,11.670020120724377,10.845588235294112,
42,2023,Okul Öncesi Öğretmenliği,SÖZ,416.60906,10407,56.400000000000006,59.1,0.0,1.5206499999999892,-1840.0,0.9000000000000057,-1.1999999999999957,0.0,0.36634364230982985,-15.024087531640406,1.6216216216216273,-1.990049751243772,
43,2024,Okul Öncesi Öğretmenliği,SÖZ,430.72524,8642,56.8,61.2,0.0,14.116179999999986,-1765.0,0.3999999999999915,2.1000000000000014,0.0,3.3883516599470864,-16.95973863745556,0.7092198581560183,3.5532994923857864,
44,2021,Rehberlik ve Psikolojik Danışmanlık,EA,336.12441,69183,57.8,38.1,0.0,,,,,,,,,,
45,2022,Rehberlik ve Psikolojik Danışmanlık,EA,384.62513,87337,67.4,45.6,0.0,48.50072,18154.0,9.600000000000009,7.5,0.0,14.42939535394052,26.240550424237163,16.608996539792397,19.685039370078748,
46,2023,Rehberlik ve Psikolojik Danışmanlık,EA,385.29609,70958,68.2,44.6,0.0,0.6709599999999796,-16379.0,0.7999999999999972,-1.0,0.0,0.17444517990803377,-18.753792779692457,1.1869436201780381,-2.1929824561403466,
47,2024,Rehberlik ve Psikolojik Danışmanlık,EA,382.21485,58207,68.89999999999999,43.7,0.0,-3.0812399999999798,-12751.0,0.6999999999999886,-0.8999999999999986,0.0,-0.799707051270615,-17.969784943205834,1.0263929618768097,-2.0179372197309364,
190,2021,Sanat ve Kültür Yönetimi,SÖZ,306.95984,94818,43.2,39.9,0.0,,,,,,,,,,
191,2022,Sanat ve Kültür Yönetimi,SÖZ,363.77832,75530,49.699999999999996,47.400000000000006,0.0,56.81848000000002,-19288.0,6.499999999999993,7.500000000000007,0.0,18.510069590862454,-20.342129131599485,15.04629629629628,18.796992481203034,
192,2023,Sanat ve Kültür Yönetimi,SÖZ,364.4445,72980,53.400000000000006,44.699999999999996,0.0,0.6661799999999971,-2550.0,3.70000000000001,-2.70000000000001,0.0,0.18312801048725458,-3.3761419303588003,7.444668008048305,-5.696202531645589,
193,2024,Sanat ve Kültür Yönetimi,SÖZ,380.6505,61413,52.8,49.300000000000004,0.0,16.206000000000017,-11567.0,-0.6000000000000085,4.6000000000000085,0.0,4.446767614822011,-15.849547821320908,-1.1235955056179914,10.290827740492192,
208,2021,Siyaset Bilimi ve Uluslararası İlişkiler,EA,302.35253,144555,52.3,31.0,0.0,,,,,,,,,,
209,2022,Siyaset Bilimi ve Uluslararası İlişkiler,EA,364.90424,133761,64.9,39.199999999999996,0.0,62.551710000000014,-10794.0,12.600000000000009,8.199999999999996,0.0,20.688336889392,-7.467054062467571,24.09177820267687,26.451612903225797,
210,2023,Siyaset Bilimi ve Uluslararası İlişkiler,EA,371.95592,100011,64.9,40.2,0.0,7.051679999999976,-33750.0,0.0,1.000000000000007,0.0,1.9324741197854989,-25.231569740058756,0.0,2.551020408163285,
211,2024,Siyaset Bilimi ve Uluslararası İlişkiler,EA,373.71844,72573,68.1,40.8,0.0,1.762519999999995,-27438.0,3.1999999999999886,0.5999999999999943,0.0,0.4738518478211162,-27.434982151963283,4.930662557781185,1.492537313432818,
52,2021,Sosyal Bilgiler Öğretmenliği,SÖZ,340.32209,35152,44.0,48.4,0.0,,,,,,,,,,
53,2022,Sosyal Bilgiler Öğretmenliği,SÖZ,384.55109,39600,51.9,52.9,0.0,44.228999999999985,4448.0,7.899999999999999,4.5,0.0,12.996217788859955,12.653618570778335,17.954545454545446,9.297520661157034,
54,2023,Sosyal Bilgiler Öğretmenliği,SÖZ,385.85695,36252,51.3,52.20000000000001,0.0,1.3058599999999956,-3348.0,-0.6000000000000014,-0.6999999999999886,0.0,0.3395803662915142,-8.454545454545459,-1.1560693641618491,-1.3232514177693555,
55,2024,Sosyal Bilgiler Öğretmenliği,SÖZ,399.23821,32846,50.800000000000004,54.599999999999994,0.0,13.381259999999997,-3406.0,-0.4999999999999929,2.3999999999999844,0.0,3.4679328699405376,-9.395343705174886,-0.9746588693956948,4.5977011494252595,
48,2021,Sınıf Öğretmenliği,EA,331.41204,77529,55.199999999999996,38.7,0.0,,,,,,,,,,
49,2022,Sınıf Öğretmenliği,EA,385.64321,85197,66.0,45.699999999999996,0.0,54.23117000000002,7668.0,10.800000000000004,6.999999999999993,0.0,16.363669225777077,9.890492589869604,19.56521739130437,18.087855297157596,
50,2023,Sınıf Öğretmenliği,EA,385.68066,70207,65.9,45.699999999999996,0.0,0.037449999999978445,-14990.0,-0.09999999999999432,0.0,0.0,0.009711048717786497,-17.5945162388347,-0.15151515151514694,0.0,
51,2024,Sınıf Öğretmenliği,EA,378.48817,64201,70.10000000000001,42.4,0.0,-7.192489999999964,-6006.0,4.200000000000003,-3.299999999999997,0.0,-1.8648822059161518,-8.554702522540492,6.3732928679817835,-7.221006564551413,
88,2021,Türk Dili ve Edebiyatı,SÖZ,323.21204,59860,43.6,43.300000000000004,0.0,,,,,,,,,,
89,2022,Türk Dili ve Edebiyatı,SÖZ,375.5865,53074,49.4,50.099999999999994,0.0,52.37446,-6786.0,5.799999999999997,6.79999999999999,0.0,16.20436540668473,-11.336451720681595,13.30275229357798,15.704387990762104,
90,2023,Türk Dili ve Edebiyatı,SÖZ,378.20479,47179,51.300000000000004,49.1,0.0,2.618290000000002,-5895.0,1.9000000000000057,-0.9999999999999929,0.0,0.6971203704073448,-11.107133436334172,3.8461538461538547,-1.9960079840319223,
91,2024,Türk Dili ve Edebiyatı,SÖZ,415.69199,17047,55.8,57.300000000000004,0.0,37.48719999999997,-30132.0,4.499999999999993,8.200000000000003,0.0,9.91187869407999,-63.86739863074673,8.771929824561386,16.700610997963338,
56,2021,Türkçe Öğretmenliği,SÖZ,371.84068,11209,51.0,56.50000000000001,0.0,,,,,,,,,,
57,2022,Türkçe Öğretmenliği,SÖZ,410.98162,14581,55.8,59.6,0.0,39.14094,3372.0,4.799999999999997,3.0999999999999943,0.0,10.526266249297954,30.08296904273351,9.41176470588234,5.486725663716796,
58,2023,Türkçe Öğretmenliği,SÖZ,414.54799,11409,57.5,58.8,0.0,3.5663700000000063,-3172.0,1.7000000000000028,-0.8000000000000043,0.0,0.8677687337939943,-21.754337836911052,3.046594982078865,-1.34228187919464,
59,2024,Türkçe Öğretmenliği,SÖZ,426.89881,10345,55.5,61.0,0.0,12.350819999999999,-1064.0,-2.0,2.200000000000003,0.0,2.979346251323034,-9.325970724866329,-3.4782608695652195,3.741496598639471,
212,2021,Çevre Mühendisliği,SAY,315.97147,136596,61.7,33.5,0.0,,,,,,,,,,
213,2022,Çevre Mühendisliği,SAY,390.09546,117624,78.0,45.3,0.0,74.12398999999999,-18972.0,16.299999999999997,11.799999999999997,0.0,23.459076859059458,-13.889132917508562,26.418152350081026,35.22388059701491,
214,2023,Çevre Mühendisliği,SAY,405.55598,103848,81.8,46.7,0.0,15.460519999999974,-13776.0,3.799999999999997,1.4000000000000057,0.0,3.963265811911776,-11.711895531524174,4.871794871794877,3.0905077262693315,
215,2024,Çevre Mühendisliği,SAY,389.52354,94027,81.5,41.099999999999994,0.0,-16.03243999999995,-9821.0,-0.29999999999999716,-5.6000000000000085,0.0,-3.9532002462397298,-9.457091133194673,-0.3667481662591676,-11.991434689507507,
194,2023,İktisat,EA,381.23125,79271,68.4,43.199999999999996,0.0,,,,,,,,,,
195,2024,İktisat,EA,389.98696,46828,74.0,44.9,0.0,8.755710000000022,-32443.0,5.599999999999994,1.7000000000000028,0.0,2.2966926242274255,-40.92669450366464,8.187134502923964,3.935185185185186,
196,2021,İktisat (İngilizce),EA,353.46014,43517,61.8,42.2,0.0,,,,,,,,,,
197,2022,İktisat (İngilizce),EA,422.68794,24514,77.5,53.89999999999999,0.0,69.2278,-19003.0,15.700000000000003,11.699999999999989,0.0,19.585744519877114,-43.66799181928901,25.404530744336572,27.725118483412302,
198,2023,İktisat (İngilizce),EA,435.35202,10367,83.89999999999999,55.400000000000006,0.0,12.664079999999956,-14147.0,6.3999999999999915,1.5000000000000142,0.0,2.9960826419603848,-57.70988006853226,8.258064516129027,2.782931354359963,
199,2024,İktisat (İngilizce),EA,440.54469,6753,85.9,55.6,0.0,5.192670000000021,-3614.0,2.000000000000014,0.19999999999999574,0.0,1.192752017091836,-34.86061541429536,2.383790226460092,0.3610108303248927,
186,2021,İletişim ve Tasarımı,SÖZ,368.59681,12737,51.7,52.9,0.0,,,,,,,,,,
187,2022,İletişim ve Tasarımı,SÖZ,418.17482,10696,62.0,58.6,0.0,49.578010000000006,-2041.0,10.299999999999997,5.700000000000003,0.0,13.450471804137432,-16.02418151841093,19.92263056092842,10.775047258979221,
188,2023,İletişim ve Tasarımı,SÖZ,420.80734,8519,62.49999999999999,57.39999999999999,0.0,2.6325199999999995,-2177.0,0.4999999999999929,-1.20000000000001,0.0,0.6295261871577917,-20.35340314136126,0.8064516129032251,-2.0477815699658897,
189,2024,İletişim ve Tasarımı,SÖZ,435.28827,6978,62.199999999999996,62.10000000000001,0.0,14.48093,-1541.0,-0.29999999999999716,4.700000000000017,0.0,3.441225621207078,-18.08897757952811,-0.47999999999999154,8.188153310104562,
32,2021,İlköğretim Matematik Öğretmenliği,SAY,373.52762,67138,69.80000000000001,46.099999999999994,0.0,,,,,,,,,,
33,2022,İlköğretim Matematik Öğretmenliği,SAY,437.16823,68151,83.2,57.5,0.0,63.64060999999998,1013.0,13.399999999999991,11.400000000000006,0.0,17.037725349466793,1.5088325538443303,19.197707736389667,24.728850325379614,
34,2023,İlköğretim Matematik Öğretmenliği,SAY,428.86933,78355,83.5,54.4,0.0,-8.298900000000003,10204.0,0.29999999999999716,-3.1000000000000014,0.0,-1.8983309926249636,14.97263429736908,0.36057692307691624,-5.391304347826087,
35,2024,İlköğretim Matematik Öğretmenliği,SAY,385.0753,99182,79.39999999999999,41.2,0.0,-43.794029999999964,20827.0,-4.1000000000000085,-13.199999999999996,0.0,-10.211508946093195,26.580307574500672,-4.910179640718571,-24.26470588235293,
36,2021,İngilizce Öğretmenliği,DİL,423.06777,7641,57.7,0.0,73.3,,,,,,,,,,
37,2022,İngilizce Öğretmenliği,DİL,457.20061,8075,68.1,0.0,74.8,34.13283999999999,434.0,10.399999999999991,0.0,1.5,8.067936727962044,5.679884831828286,18.024263431542444,,2.046384720327432
38,2023,İngilizce Öğretmenliği,DİL,459.43422,8636,70.8,0.0,74.4,2.2336099999999988,561.0,2.700000000000003,0.0,-0.3999999999999915,0.4885404680453176,6.947368421052635,3.96475770925111,,-0.5347593582887611
39,2024,İngilizce Öğretmenliği,DİL,466.34002,5585,75.1,0.0,74.3,6.905799999999999,-3051.0,4.299999999999997,0.0,-0.10000000000000853,1.503109629056354,-35.32885595182955,6.073446327683607,,-0.13440860215054862
220,2021,İnşaat Mühendisliği,SAY,340.19986,103582,64.7,39.2,0.0,,,,,,,,,,
221,2022,İnşaat Mühendisliği,SAY,409.17894,96062,79.8,50.7,0.0,68.97908000000001,-7520.0,15.099999999999994,11.5,0.0,20.276045968978362,-7.259948639725044,23.33848531684697,29.336734693877542,
222,2023,İnşaat Mühendisliği,SAY,421.41921,86151,83.6,51.800000000000004,0.0,12.24027000000001,-9911.0,3.799999999999997,1.1000000000000014,0.0,2.9914222858097306,-10.317295080260669,4.761904761904767,2.1696252465483346,
223,2024,İnşaat Mühendisliği,SAY,413.42258,69157,84.5,47.5,0.0,-7.996630000000039,-16994.0,0.9000000000000057,-4.300000000000004,0.0,-1.8975475750144466,-19.725830228320042,1.0765550239234534,-8.301158301158306,
224,2021,İnşaat Mühendisliği (İngilizce),SAY,359.61889,81206,67.9,42.699999999999996,0.0,,,,,,,,,,
225,2022,İnşaat Mühendisliği (İngilizce),SAY,430.37237,74506,84.9,54.3,0.0,70.75347999999997,-6700.0,17.0,11.600000000000001,0.0,19.67457271223989,-8.250621875230891,25.03681885125184,27.166276346604224,
226,2023,İnşaat Mühendisliği (İngilizce),SAY,443.14316,64531,86.6,56.7,0.0,12.770790000000034,-9975.0,1.6999999999999886,2.4000000000000057,0.0,2.96738147943838,-13.38818350199984,2.0023557126030544,4.419889502762442,
227,2024,İnşaat Mühendisliği (İngilizce),SAY,428.61866,55464,87.9,50.8,0.0,-14.524500000000046,-9067.0,1.3000000000000114,-5.900000000000006,0.0,-3.2776089785522267,-14.050611334087492,1.5011547344111031,-10.405643738977076,
68,2021,İstatistik,SAY,310.7446,144907,60.6,34.0,0.0,,,,,,,,,,
69,2022,İstatistik,SAY,406.24208,99244,81.4,50.6,0.0,95.49748,-45663.0,20.800000000000004,16.6,0.0,30.73182285388065,-31.511935241223675,34.32343234323434,48.82352941176471,
70,2023,İstatistik,SAY,439.59054,67879,88.0,57.199999999999996,0.0,33.34845999999999,-31365.0,6.599999999999994,6.599999999999994,0.0,8.209011730148674,-31.603925678126632,8.108108108108091,13.043478260869556,
71,2024,İstatistik,SAY,434.52786,50478,91.7,53.699999999999996,0.0,-5.06268,-17401.0,3.700000000000003,-3.5,0.0,-1.1516808346239693,-25.635321675334055,4.20454545454545,-6.118881118881115,
200,2021,İşletme,EA,317.34775,106525,55.3,33.6,0.0,,,,,,,,,,
201,2022,İşletme,EA,386.94577,82578,68.7,45.2,0.0,69.59801999999996,-23947.0,13.400000000000006,11.600000000000001,0.0,21.931152812647948,-22.480168974419147,24.23146473779387,34.52380952380953,
202,2023,İşletme,EA,395.91782,51678,73.2,45.9,0.0,8.972050000000024,-30900.0,4.5,0.6999999999999957,0.0,2.3186840884706017,-37.41916733270363,6.550218340611358,1.5486725663716783,
203,2024,İşletme,EA,410.26067,24350,79.2,49.199999999999996,0.0,14.342849999999999,-27328.0,6.0,3.299999999999997,0.0,3.622683616514144,-52.88130345601609,8.196721311475418,7.189542483660127,
204,2021,İşletme (İngilizce),EA,350.75266,47122,61.3,40.5,0.0,,,,,,,,,,
205,2022,İşletme (İngilizce),EA,421.56486,25731,79.7,52.199999999999996,0.0,70.81220000000002,-21391.0,18.400000000000006,11.699999999999996,0.0,20.18864233274811,-45.39493230338271,30.016313213703107,28.888888888888875,
206,2023,İşletme (İngilizce),EA,431.79331,12061,81.7,53.3,0.0,10.22845000000001,-13670.0,2.0,1.1000000000000014,0.0,2.4263051716407302,-53.12657883486844,2.509410288582181,2.1072796934865856,
207,2024,İşletme (İngilizce),EA,437.16777,7943,85.5,54.4,0.0,5.374459999999999,-4118.0,3.799999999999997,1.1000000000000014,0.0,1.2446834806217888,-34.14310587845121,4.6511627906976605,2.0637898686679312,
178,2021,Şehir ve Bölge Planlama,SAY,273.88699,220116,52.8,24.2,0.0,,,,,,,,,,
179,2022,Şehir ve Bölge Planlama,SAY,332.94626,209019,65.8,31.700000000000003,0.0,59.05926999999997,-11097.0,13.0,7.5000000000000036,0.0,21.563371812585896,-5.041432699122284,24.62121212121213,30.991735537190102,
180,2023,Şehir ve Bölge Planlama,SAY,352.86449,183081,70.7,35.3,0.0,19.918229999999994,-25938.0,4.900000000000006,3.5999999999999943,0.0,5.982415900992555,-12.409398188681408,7.446808510638303,11.356466876971583,
181,2024,Şehir ve Bölge Planlama,SAY,347.35671,152538,72.2,30.8,0.0,-5.507779999999968,-30543.0,1.5,-4.4999999999999964,0.0,-1.5608768113787752,-16.682779753223986,2.121640735502117,-12.747875354107641,
