,year,faculty_name,base_point,success_order,tyt_correct_answer,ayt_correct_answer,ydt_correct_answer,base_point Change,success_order Change,tyt_correct_answer Change,ayt_correct_answer Change,ydt_correct_answer Change,base_point Change (%),success_order Change (%),tyt_correct_answer Change (%),ayt_correct_answer Change (%),ydt_correct_answer Change (%)
0,2021,Elektrik-Elektronik Fakültesi,408.6347416666667,39776.0,77.81666666666666,53.449999999999996,0.0,,,,,,,,,,
10,2022,Elektrik-Elektronik Fakültesi,480.1803,33847.833333333336,96.16666666666667,66.06666666666666,0.0,71.5455583333333,-5928.166666666664,18.35000000000001,12.616666666666667,0.0,17.50843749641209,-14.903878385626168,23.58106660955237,23.604614904895538,
20,2023,Elektrik-Elektronik Fakültesi,490.8419783333334,27429.666666666668,98.36666666666667,67.58333333333333,0.0,10.661678333333384,-6418.166666666668,2.200000000000003,1.5166666666666657,0.0,2.2203489675301835,-18.9618242428122,2.2876949740034735,2.2956609485368373,
30,2024,Elektrik-Elektronik Fakültesi,478.1910866666667,23836.166666666668,99.85000000000001,62.25,0.0,-12.650891666666666,-3593.5,1.4833333333333343,-5.333333333333329,0.0,-2.5773858441413444,-13.100778961951177,1.507963402236534,-7.891491985203447,
1,2021,Eğitim Fakültesi,346.96290444444446,72996.11111111111,55.18888888888889,37.81111111111111,8.144444444444444,,,,,,,,,,
11,2022,Eğitim Fakültesi,397.2091422222222,74214.88888888889,65.32222222222222,44.01111111111111,8.31111111111111,50.246237777777765,1218.777777777781,10.133333333333333,6.200000000000003,0.16666666666666607,14.481731947175103,1.6696475459118787,18.361183813166893,16.397296503085524,2.04638472032741
21,2023,Eğitim Fakültesi,400.9869566666667,67169.44444444444,66.98888888888888,43.611111111111114,8.266666666666667,3.7778144444444592,-7045.4444444444525,1.6666666666666572,-0.3999999999999986,-0.04444444444444251,0.9510894999317232,-9.493303230558714,2.5514543289675062,-0.9088613986367067,-0.53475935828875
31,2024,Eğitim Fakültesi,394.75112888888884,67349.22222222222,66.82222222222222,40.56666666666667,8.255555555555555,-6.235827777777843,179.777777777781,-0.1666666666666572,-3.0444444444444443,-0.011111111111112848,-1.5551198546743694,0.2676481535089481,-0.24879747885220294,-6.98089171974522,-0.13440860215055972
2,2021,Fen-Edebiyat Fakültesi,333.91437625,106575.25,59.45,32.8875,8.4875,,,,,,,,,,
12,2022,Fen-Edebiyat Fakültesi,405.042695,86964.625,75.0875,43.875,9.0,71.12831875,-19610.625,15.637500000000003,10.987499999999997,0.5124999999999993,21.301364603944627,-18.400730938937514,26.303616484440706,33.40935005701253,6.038291605301915
22,2023,Fen-Edebiyat Fakültesi,422.3174275,70564.875,79.0875,46.112500000000004,9.0875,17.274732500000027,-16399.75,4.0,2.2375000000000043,0.08750000000000036,4.2649164429443776,-18.857955174302198,5.3271183619111095,5.099715099715119,0.9722222222222188
32,2024,Fen-Edebiyat Fakültesi,417.4531475,56935.0,81.05,43.0875,9.2375,-4.864280000000008,-13629.875,1.9624999999999915,-3.0250000000000057,0.15000000000000036,-1.1518065993144422,-19.31538176748702,2.481428797218266,-6.560043372187597,1.6506189821182904
3,2021,Gemi İnşaatı ve Denizcilik Fakültesi,367.869465,73606.0,69.75,45.35,0.0,,,,,,,,,,
13,2022,Gemi İnşaatı ve Denizcilik Fakültesi,443.37262,62789.0,86.65,58.35,0.0,75.50315499999999,-10817.0,16.900000000000006,13.0,0.0,20.524442005535846,-14.695812841344457,24.229390681003583,28.665931642778396,
23,2023,Gemi İnşaatı ve Denizcilik Fakültesi,457.92755999999997,51328.0,90.2,60.900000000000006,0.0,14.554939999999988,-11461.0,3.549999999999997,2.5500000000000043,0.0,3.2827782644764936,-18.25319721607288,4.096941719561453,4.370179948586128,
33,2024,Gemi İnşaatı ve Denizcilik Fakültesi,445.246355,42638.5,92.30000000000001,54.949999999999996,0.0,-12.681204999999977,-8689.5,2.1000000000000085,-5.95000000000001,0.0,-2.7692600550183077,-16.9293562967581,2.32815964523283,-9.770114942528751,
4,2021,Kimya-Metalurji Fakültesi,339.428692,58944.4,65.66,41.54,0.0,,,,,,,,,,
14,2022,Kimya-Metalurji Fakültesi,454.31184599999995,54074.2,89.09,60.39,0.0,114.88315399999993,-4870.200000000004,23.430000000000007,18.85,0.0,33.84603503112223,-8.262362497540066,35.68382576911362,45.37794896485317,
24,2023,Kimya-Metalurji Fakültesi,461.88610499999993,49991.6,90.85,61.17999999999999,0.0,7.574258999999984,-4082.5999999999985,1.759999999999991,0.789999999999992,0.0,1.667193815588952,-7.549996116447399,1.9755303625547116,1.308163603245549,
34,2024,Kimya-Metalurji Fakültesi,446.464022,45714.7,92.67,54.96999999999999,0.0,-15.42208299999993,-4276.9000000000015,1.8200000000000074,-6.210000000000001,0.0,-3.3389363379961234,-8.555237279863015,2.0033021463951695,-10.150375939849631,
5,2021,Makine Fakültesi,349.66214833333333,24480.0,65.89999999999999,46.583333333333336,0.0,,,,,,,,,,
15,2022,Makine Fakültesi,482.4276466666667,31675.833333333332,97.35000000000001,65.23333333333333,0.0,132.76549833333337,7195.833333333332,31.450000000000017,18.65,0.0,37.96965126656142,29.394744008714603,47.72382397572081,40.035778175313055,
25,2023,Makine Fakültesi,478.3976666666667,44838.0,93.95,65.43333333333332,0.0,-4.029980000000023,13162.166666666668,-3.4000000000000057,0.19999999999998863,0.0,-0.8353542811746273,41.55270842650811,-3.492552645095026,0.30659172202349705,
35,2024,Makine Fakültesi,463.25215333333335,41403.166666666664,93.51666666666667,59.699999999999996,0.0,-15.145513333333326,-3434.8333333333358,-0.4333333333333371,-5.733333333333327,0.0,-3.165883612866005,-7.660540910239833,-0.4612382472946597,-8.762098828323984,
6,2021,Mimarlık Fakültesi,327.0395825,167224.5,61.825,35.95,0.0,,,,,,,,,,
16,2022,Mimarlık Fakültesi,387.97223,158036.5,75.4,44.675000000000004,0.0,60.93264750000003,-9188.0,13.575000000000003,8.725000000000001,0.0,18.631581851410917,-5.4944102090303755,21.957137080469067,24.26981919332407,
26,2023,Mimarlık Fakültesi,315.496938,116371.4,61.56,36.18,0.0,-72.47529200000002,-41665.100000000006,-13.840000000000003,-8.495000000000005,0.0,-18.68053597547433,-26.364225985769117,-18.355437665782492,-19.015109121432573,
36,2024,Mimarlık Fakültesi,303.05291,104279.6,61.620000000000005,31.820000000000004,0.0,-12.444028000000003,-12091.799999999988,0.060000000000002274,-4.359999999999996,0.0,-3.944262685680966,-10.390697370659796,0.09746588693957392,-12.050856826976219,
7,2021,Sanat ve Tasarım Fakültesi,331.15579333333335,59165.333333333336,47.5,45.03333333333333,0.0,,,,,,,,,,
17,2022,Sanat ve Tasarım Fakültesi,385.47527666666673,47077.0,55.099999999999994,51.900000000000006,0.0,54.31948333333338,-12088.333333333336,7.599999999999994,6.866666666666674,0.0,16.40299956300528,-20.431446342452787,15.999999999999993,15.24796447076242,
27,2023,Sanat ve Tasarım Fakültesi,386.93378666666666,44332.333333333336,57.666666666666664,49.86666666666667,0.0,1.458509999999933,-2744.6666666666642,2.56666666666667,-2.0333333333333385,0.0,0.37836667830222215,-5.83016476552598,4.658197217180882,-3.917790622992945,
37,2024,Sanat ve Tasarım Fakültesi,403.79007666666666,35326.333333333336,56.63333333333333,54.73333333333334,0.0,16.85629,-9006.0,-1.0333333333333314,4.866666666666674,0.0,4.356375840221283,-20.31474394159266,-1.7919075144508634,9.75935828877006,
8,2021,İktisadi ve İdari Bilimler Fakültesi,330.97827,85429.75,57.675,36.825,0.0,,,,,,,,,,
18,2022,İktisadi ve İdari Bilimler Fakültesi,399.0257025,66646.0,72.7,47.625,0.0,68.04743250000001,-18783.75,15.025000000000006,10.799999999999997,0.0,20.55948642791565,-21.987363886702227,26.05114867793672,29.327902240325866,
28,2023,İktisadi ve İdari Bilimler Fakültesi,403.250064,50677.6,74.42,47.6,0.0,4.224361499999986,-15968.400000000001,1.7199999999999989,-0.02499999999999858,0.0,1.0586690214523076,-23.960027608558654,2.365887207702877,-0.05249343832021136,
38,2024,İktisadi ve İdari Bilimler Fakültesi,410.335706,31689.4,78.53999999999999,48.98,0.0,7.085642000000007,-18988.199999999997,4.11999999999999,1.3799999999999955,0.0,1.7571335090972307,-37.468625191406055,5.5361461972587955,2.899159663865536,
9,2021,İnşaat Fakültesi,325.1715025,128833.25,62.0,35.875,0.0,,,,,,,,,,
19,2022,İnşaat Fakültesi,394.63574,116515.5,78.45,46.05,0.0,69.46423750000002,-12317.75,16.450000000000003,10.174999999999997,0.0,21.36233863236525,-9.561002303365008,26.532258064516135,28.36236933797909,
29,2023,İnşaat Fakültesi,409.78567250000003,102230.5,81.07499999999999,48.625,0.0,15.149932500000034,-14285.0,2.624999999999986,2.575000000000003,0.0,3.8389661564864896,-12.260171393505582,3.3460803059273347,5.591748099891425,
39,2024,İnşaat Fakültesi,397.7842075,87867.0,82.275,43.55,0.0,-12.001465000000053,-14363.5,1.200000000000017,-5.075000000000003,0.0,-2.92871757247688,-14.05011224634527,1.4801110083256352,-10.437017994858621,
